g++ -O2 A.cpp -o A && for i in $(seq 0 15); do f=$(printf %04d.txt ${i}); echo -n "${f} "; ./A < in/${f} > out/${f}; done

0000.txt 1 4978 1.444 0.297 646450
0001.txt 2 5877 1.750 0.290 697225
0002.txt 3 5540 1.621 0.333 706000
0003.txt 4 5570 1.643 0.316 717150
0004.txt 1 5386 1.596 0.263 657975
0005.txt 2 4975 1.466 0.269 687800
0006.txt 3 6789 1.987 0.307 684250
0007.txt 4 4337 1.270 0.250 672775
0008.txt 1 5423 1.594 0.283 694050
0009.txt 2 3882 1.159 0.290 639925
0010.txt 3 4965 1.481 0.283 694050
0011.txt 4 6442 1.901 0.278 708125
0012.txt 1 5147 1.518 0.277 630675
0013.txt 2 4579 1.345 0.250 655200
0014.txt 3 5777 1.705 0.321 693250
0015.txt 4 4282 1.263 0.267 675200

0000.txt 1 4978 1.444 0.989 669525
0001.txt 2 5877 1.750 0.945 738675
0002.txt 3 5540 1.621 1.042 720000
0003.txt 4 5570 1.643 1.211 742425
0004.txt 1 5386 1.596 1.104 691625
0005.txt 2 4975 1.466 0.905 712950
0006.txt 3 6789 1.987 1.113 718625
0007.txt 4 4337 1.270 1.047 703825
0008.txt 1 5423 1.594 1.379 707125
0009.txt 2 3882 1.159 0.917 681800
0010.txt 3 4965 1.481 1.107 724575
0011.txt 4 6442 1.901 1.302 737725
0012.txt 1 5147 1.518 1.171 673625
0013.txt 2 4579 1.345 0.947 694575
0014.txt 3 5777 1.705 1.388 725300
0015.txt 4 4282 1.263 1.185 713000

0000.txt 1 4978 1.444 23296 1.884 738025
0001.txt 2 5877 1.750 18432 1.813 793275
0002.txt 3 5540 1.621 19712 1.894 785925
0003.txt 4 5570 1.643 20224 1.847 799450
0004.txt 1 5386 1.596 20992 1.860 750575
0005.txt 2 4975 1.466 23040 1.849 779650
0006.txt 3 6789 1.987 14592 1.923 775900
0007.txt 4 4337 1.270 28672 1.815 772075
0008.txt 1 5423 1.594 20480 1.931 767625
0009.txt 2 3882 1.159 36352 1.848 752575
0010.txt 3 4965 1.481 22528 1.809 787925
0011.txt 4 6442 1.901 15616 1.880 797200
0012.txt 1 5147 1.518 21760 1.840 732600
0013.txt 2 4579 1.345 24832 1.821 751925
0014.txt 3 5777 1.705 17920 1.828 784325
0015.txt 4 4282 1.263 29184 1.982 775350

0000.txt 1 4978 1.444 29440 1.904 738000
0001.txt 2 5877 1.750 23808 1.907 795050
0002.txt 3 5540 1.621 24576 1.912 785300
0003.txt 4 5570 1.643 25088 1.908 804675
0004.txt 1 5386 1.596 24064 1.911 751500
0005.txt 2 4975 1.466 29440 1.916 781275
0006.txt 3 6789 1.987 18432 1.920 779200
0007.txt 4 4337 1.270 35584 1.907 773550
0008.txt 1 5423 1.594 25344 1.906 766775
0009.txt 2 3882 1.159 44800 1.906 753650
0010.txt 3 4965 1.481 28416 1.910 789350
0011.txt 4 6442 1.901 19712 1.904 797125
0012.txt 1 5147 1.518 27648 1.911 735900
0013.txt 2 4579 1.345 32000 1.907 755300
0014.txt 3 5777 1.705 23040 1.919 786650
0015.txt 4 4282 1.263 36864 1.912 778650
